err_6 = -0.11346127339699999
err_5 = -0.0011326458827956695
err_4 = 0.0179 * (1 - 0.0179) * (0.7*-0.11346127339699999) = -0.0013962218670380167
err_3 = 0.7311 * (1 - 0.7311) * (0.2*-0.11346127339699999) = -0.004461133658813802

w_56 = 0.37298917134759924
w_46 = 0.7 + 10*(-0.11346127339699999)*0.0179 = 0.6796904320619369
w_36 = 0.2 + 10*(-0.11346127339699999)*0.7311 = -0.6295153698054667

err_2 = 2*(1-2)*(-0.0011326458827956695*0.5 - 0.0013962218670380167 * (-3) + 2 * (-0.004461133658813802)) = 0.010599849315822777
err_1 = 1 * (1-1) * (....) = 0
w_25 = 0.5 + 10 * (-0.0011326458827956695) * 2 = 0.4773470823440866
w_24 = (-3) + 10 * (-0.0013962218670380167) * 2 = -3.0279244373407606
w_23 = 2 + 10 * (-0.004461133658813802) * 2 = 1.910777326823724
w_15 = 4 + 10 * (-0.0011326458827956695) * 1 = 3.988673541172043
w_14 = 2 + 10 * (-0.0013962218670380167) * 1 = 1.9860377813296197
w_13 = (-3) + 10 * (-0.004461133658813802) * 1 = -3.044611336588138

